0   0   0   0   0   0   0   0   0   0   0   1.4   1   1   1   1   1   1   1   1   1     1   1   1   1     1   1   1   1   1   1   1   1   1   1   1   1   1   1   1.1 0   0   0   0   0  
0   0   0   0   0   0   0   0   0   0   1.4 1.2   2   2   2   2   2   2   2   2   2     2   2   2   2     2   2   2   2   2   2   2   2   2   2   2   2   2   2   1.3 1.1 0   0   0   0  
0   0   0   0   0   0   0   0   0   1.4 1.2 2     2   2   2   2   2   2   2   2   2     2   2   2   2     2   2   2   2   2   2   2   2   2   2   2   2   2   2   2   1.3 1.1 0   0   0  
0   0   0   0   0   0   0   0   1.4 1.2 2   2     2   2   2   2   2   2   2   2   2     2   2   2   2     2   2   2   2   2   2   2   2   2   2   2   2   2   2   2   2   1.3 1.1 0   0  
0   0   0   0   0   0   0   1.4 1.2 2   2   2     2   2   2   2   2   2   2   2   2     2   2   2   2     2   2   2   2   2   2   2   2   2   2   2   2   2   2   2   8   2   10  1.1 0  
0   0   0   0   0   0   1.4 1.2 2   2   2   2     2   2   2   2   2   2   2   2   2     2   2   2   2     2   2   2   2   2   2   2   2   2   2   2   2   2   2   2   2   2   8   1.3 1.1
0   0   0   0   0   0   1   11  11  11  11  11    11  2   2   2   2   2   2   2   2     2   2   2   2     2   2   2   2   2   2   2   2   2   2   2   2   2   2   2   2   2   2   2   1  
0   0   0   0   0   0   1   11  11  11  11  11    11  11  2   2   2   2   2   2   2     1.4 2   2   1.4   1   1   1.1 15  2   2   2   2   2   2   2   2   2   2   2   2   2   2   2   1  
0   0   0   0   0   0   1   11  11  11  11  11    11  11  11  2   2   2   2   2   1.4   1.2 2   2   2     2   2   1.3 1.1 2   2   2   2   2   2   2   2   2   2   2   2   2   2   2   1  
0   0   0   0   0   0   1   18  18  18  11  11    11  11  11  2   2   2   2   1.4 1.2   2   2   2   2     2   2   2   9.2 2   2   2   2   2   2   2   1.4 2   2   2   2   2   2   2   1  
0   0   0   0   0   0   1   18  18  18  18  11    11  11  11  2   2   2   2   2   2     2   2   2   2     2   2   2   5   8   2   2   2   2   2   2   7   2   2   2   2   2   2   2   1  
0   0   0   0   0   0   1   18  18  18  18  18    11  11  11  2   2   2   2   5   2     2   2   2   2     2   2   2   9.2 2   2   2   2   2   2   2   1.3 2   2   2   2   2   2   2   1  
0   0   0   0   0   0   1   9.3 18  18  18  18    11  11  11  2   2   2   2   2   2     2   2   2   2     2   2   2   1   2   2   2   2   2   2   2   2   2   2   2   2   2   2   2   1  
0   0   0   0   0   0   1   13  9.3 18  18  18    11  11  11  2   2   2   2   2   2     2   2   2   2     2   2   1.4 1.2 2   2   2   2   2   2   2   2   2   2   2   2   2   2   2   1  
0   0   0   0   0   0   1   1   1   1   1   1     1   1   1   1   1   1   1   1.1 13.1  2   2   2   2     2   1.4 1.2 2   2   2   2   2   2   2   2   2   2   2   2   2   2   2   2   1  
0   0   0   0   0   0   0   0   1.4 1.2 7   10.1  2   8   2   2   2   2   2   1.3 1     1.1 2   2   2     2   1.2 2   2   2   2   2   2   2   2   2   2   2   2   2   2   2   2   2   1  
0   0   0   0   0   0   0   1.4 1.2 8   2   2     2   2   2   2   2   2   2   2   2     1.3 1.1 2   5     9.2 2   2   2   2   2   2   2   2   2   2   2   2   2   2   2   2   2   2   1  
0   0   0   0   0   0   1.4 1.2 2   2   2   2     2   2   7   2   2   2   2   2   2     2   1.3 1.1 9.2   8   2   2   2   2   2   2   2   2   2   2   2   2   2   2   2   2   2   2   1  
0   0   0   0   0   1.4 1.2 2   2   2   2   2     2   2   2   2   2   2   7   2   2     2   2   2   2     2   2   2   2   2   2   2   2   2   2   2   2   2   2   2   2   2   2   2   1  
0   0   0   0   1.4 1.2 2   2   2   2   2   2     2   2   2   2   2   2   2   2   2     2   2   2   2     2   2   2   2   2   2   2   2   2   2   2   2   2   2   2   2   2   2   2   1  
0   0   0   1.4 1.2 2   2   2   7   2   2   2     2   2   2   1.4 1.1 2   2   2   2     2   2   2   2     2   2   2   2   2   2   2   2   2   2   2   2   2   2   2   2   2   2   2   1  
0   0   1.4 1.2 2   2   2   2   2   2   2   2     2   10  1.4 1.2 2   2   2   2   2     2   2   2   2     2   2   2   2   2   1.1 8   2   2   2   2   2   2   2   2   2   2   2   1.4 1.2
0   1.4 1.2 2   2   2   2   2   2   2   2   2     7   6.3 1   2   2   2   2   2   2     2   16  2   2     2   2   2   2   2   1   6.3 7   2   2   2   2   2   2   2   2   2   1.4 1.2 0  
1.4 1.2 2   2   2   2   2   2   2   2   2   2     2   8   1.3 2   2   2   2   2   2     2   2   2   2     2   2   2   2   1.4 1.2 10  2   2   2   2   2   2   2   2   2   1.4 1.2 0   0  
1   2   2   2   2   2   2   2   2   2   2   2     2   2   2   2   2   2   2   2   2     2   2   2   2     2   2   2   1.3 1.2 2   2   2   2   2   2   7   2   2   2   1.4 1.2 0   0   0  
1   2   2   2   2   2   2   2   2   2   2   2     2   2   2   2   2   2   2   2   2     2   2   2   2     2   2   2   2   2   2   2   2   2   2   2   2   2   2   1.4 1.2 0   0   0   0  
1   2   2   2   2   2   2   2   2   2   2   2     2   2   2   2   2   2   2   2   2     2   2   2   2     2   7   2   2   2   2   2   2   2   2   2   2   2   1.4 1.2 0   0   0   0   0  
1   2   2   2   2   2   2   2   2   2   2   2     2   2   2   2   2   2   2   8   9.3   1.3 1.1 2   2     2   2   2   2   2   7   2   2   2   2   2   2   1.4 1.2 0   0   0   0   0   0  
1   2   2   2   2   2   2   2   2   2   2   2     2   2   2   2   2   2   2   9.3 5     2   1.3 1.1 2     2   2   2   2   2   2   2   2   2   2   8   1.4 1.2 0   0   0   0   0   0   0  
1   2   2   2   2   2   2   2   2   2   2   2     2   2   2   2   2   2   1.4 2   2     2   2   1.3 1     1.1 2   2   2   2   2   8   2   10  7   1.4 1.2 0   0   0   0   0   0   0   0  
1   2   2   2   2   2   2   2   2   2   2   2     2   2   2   2   2   1.4 1.2 2   2     2   2   2   13.1  1.3 1   1   1   1   1   1   1   1   1   1   1   1   1   0   0   0   0   0   0  
1   2   2   2   2   2   2   2   2   2   2   2     2   2   2   2   1.4 1.2 2   2   2     2   2   2   2     2   2   2   2   2   12  12  12  17  17  17  9.2 13  1   0   0   0   0   0   0  
1   2   2   2   2   2   2   2   2   2   2   2     2   2   2   2   1   2   2   2   2     2   2   2   2     2   2   2   2   2   12  12  12  17  17  17  17  9.2 1   0   0   0   0   0   0  
1   2   2   2   2   2   2   2   1.1 2   2   2     2   2   2   2   9.3 2   2   2   2     2   2   2   2     5   2   2   2   2   12  12  12  17  17  17  17  17  1   0   0   0   0   0   0  
1   2   2   2   2   2   2   2   7   2   2   2     2   2   2   8   5   2   2   2   2     2   2   2   2     2   2   2   2   2   12  12  12  12  17  17  17  17  1   0   0   0   0   0   0  
1   2   2   2   2   2   2   2   1.2 2   2   2     2   2   2   2   9.3 2   2   2   2     2   2   2   1.4   1.2 2   2   2   2   12  12  12  12  12  17  17  17  1   0   0   0   0   0   0  
1   2   2   2   2   2   2   2   2   2   2   2     2   2   2   2   1.3 1.1 2   2   2     2   2   1.4 1.2   2   2   2   2   2   12  12  12  12  12  12  12  12  1   0   0   0   0   0   0  
1   2   2   2   2   2   2   2   2   2   2   2     2   2   2   2   14  1.3 1   1   1.2   2   2   1.2 2     2   2   2   2   2   2   12  12  12  12  12  12  12  1   0   0   0   0   0   0  
1   2   2   2   2   2   2   2   2   2   2   2     2   2   2   2   2   2   2   2   2     2   2   2   2     2   2   2   2   2   2   2   12  12  12  12  12  12  1   0   0   0   0   0   0  
1.3 1.1 8   2   2   2   2   2   2   2   2   2     2   2   2   2   2   2   2   2   2     2   2   2   2     2   2   2   2   2   2   2   2   2   2   2   2   1.4 1.2 0   0   0   0   0   0  
0   1.3 10  2   8   2   2   2   2   2   2   2     2   2   2   2   2   2   2   2   2     2   2   2   2     2   2   2   2   2   2   2   2   2   2   2   1.4 1.2 0   0   0   0   0   0   0  
0   0   1.3 1.1 2   2   2   2   2   2   2   2     2   2   2   2   2   2   2   2   2     2   2   2   2     2   2   2   2   2   2   2   2   2   2   1.4 1.2 0   0   0   0   0   0   0   0  
0   0   0   1.3 1.1 2   2   2   2   2   2   2     2   2   2   2   2   2   2   2   2     2   2   2   2     2   2   2   2   2   2   2   2   2   1.4 1.2 0   0   0   0   0   0   0   0   0  
0   0   0   0   1.3 1.1 2   2   2   2   2   2     2   2   2   2   2   2   2   2   2     2   2   2   2     2   2   2   2   2   2   2   2   1.4 1.2 0   0   0   0   0   0   0   0   0   0  
0   0   0   0   0   1.3 1   1   1   1   1   1     1   1   1   1   1   1   1   1   1     1   1   1   1     1   1   1   1   1   1   1   1   1.2 0   0   0   0   0   0   0   0   0   0   0  